classification_MIMIC_MIMIC_split3_2880_0  
Accuracy:0.8855580311930322
AUPRC:0.24032243410894766
AUC:0.7483628522325061

