classification_MIMIC_MIMIC_split1_2880_0  
Accuracy:0.8887988657079198
AUPRC:0.2752480369519452
AUC:0.7472744470481593

